[[ 2.1340623e+00  1.9794532e+00  2.6802521e+00 ...  0.0000000e+00
   0.0000000e+00  0.0000000e+00]
 [ 1.1113470e+00  1.1082152e+00  1.3326129e+00 ...  0.0000000e+00
   0.0000000e+00  0.0000000e+00]
 [ 3.2957729e-02  5.9776980e-01  8.4283042e-01 ...  0.0000000e+00
   0.0000000e+00  0.0000000e+00]
 ...
 [-0.0000000e+00 -0.0000000e+00 -0.0000000e+00 ...  0.0000000e+00
   0.0000000e+00  0.0000000e+00]
 [-0.0000000e+00 -0.0000000e+00 -0.0000000e+00 ...  1.4890338e+02
   1.4998470e+02  1.4990723e+02]
 [-0.0000000e+00 -0.0000000e+00 -0.0000000e+00 ...  1.4842746e+02
   1.4833690e+02  1.4845981e+02]]
